[gd_scene load_steps=2 format=3 uid="uid://cc5bp08nil261"]

[sub_resource type="StandardMaterial3D" id="StandardMaterial3D_pkcum"]
albedo_color = Color(0, 0, 0, 1)

[node name="Node3D" type="Node3D"]

[node name="droneBody" type="CSGBox3D" parent="."]
transform = Transform3D(1, 0, 0, 0, 1, 0, 0, 0, 1, 0, 0.233188, 0)
size = Vector3(1, 0.217773, 1)

[node name="Stick" type="CSGBox3D" parent="droneBody"]
transform = Transform3D(0.855635, 0, -0.517579, 0, 1, 0, 0.517579, 0, 0.855635, -0.80926, -0.0251732, -0.676184)
size = Vector3(1, 0.0644531, 0.184082)

[node name="Stick2" type="CSGBox3D" parent="droneBody"]
transform = Transform3D(-0.733089, 0, -0.680133, 0, 1, 0, 0.680133, 0, -0.733089, 0.767747, -0.0251732, -0.676184)
size = Vector3(1, 0.0644531, 0.184082)

[node name="Stick3" type="CSGBox3D" parent="droneBody"]
transform = Transform3D(-0.829652, 0, 0.558281, 0, 1, 0, -0.558281, 0, -0.829652, 0.826715, -0.0251732, 0.639456)
size = Vector3(1, 0.0644531, 0.184082)

[node name="Stick4" type="CSGBox3D" parent="droneBody"]
transform = Transform3D(0.765068, 0, 0.64395, 0, 1, 0, -0.64395, 0, 0.765068, -0.748454, -0.0251732, 0.563327)
size = Vector3(1, 0.0644531, 0.184082)

[node name="Propellers" type="CSGCombiner3D" parent="droneBody"]

[node name="CSGCombiner3D" type="CSGCombiner3D" parent="droneBody/Propellers"]

[node name="Propeller" type="CSGBox3D" parent="droneBody/Propellers/CSGCombiner3D"]
transform = Transform3D(0.765068, 0, 0.64395, 0, 1, 0, -0.64395, 0, 0.765068, -1.12404, 0.0466111, 0.8727)
material_override = SubResource("StandardMaterial3D_pkcum")
size = Vector3(0.644043, 0.0644531, 0.101807)

[node name="Propeller2" type="CSGBox3D" parent="droneBody/Propellers/CSGCombiner3D"]
transform = Transform3D(0.700735, 0, -0.713422, 0, 1, 0, 0.713422, 0, 0.700735, -1.12404, 0.0466111, 0.8727)
material_override = SubResource("StandardMaterial3D_pkcum")
size = Vector3(0.644043, 0.0644531, 0.101807)

[node name="CSGCombiner3D2" type="CSGCombiner3D" parent="droneBody/Propellers"]
transform = Transform3D(1, 0, 0, 0, 1, 0, 0, 0, 1, 2.24756, 0, 0)

[node name="Propeller" type="CSGBox3D" parent="droneBody/Propellers/CSGCombiner3D2"]
transform = Transform3D(0.765068, 0, 0.64395, 0, 1, 0, -0.64395, 0, 0.765068, -1.12404, 0.0466111, 0.8727)
material_override = SubResource("StandardMaterial3D_pkcum")
size = Vector3(0.644043, 0.0644531, 0.101807)

[node name="Propeller2" type="CSGBox3D" parent="droneBody/Propellers/CSGCombiner3D2"]
transform = Transform3D(0.700735, 0, -0.713422, 0, 1, 0, 0.713422, 0, 0.700735, -1.12404, 0.0466111, 0.8727)
material_override = SubResource("StandardMaterial3D_pkcum")
size = Vector3(0.644043, 0.0644531, 0.101807)

[node name="CSGCombiner3D3" type="CSGCombiner3D" parent="droneBody/Propellers"]
transform = Transform3D(1, 0, 0, 0, 1, 0, 0, 0, 1, 2.24756, 0, -1.79529)

[node name="Propeller" type="CSGBox3D" parent="droneBody/Propellers/CSGCombiner3D3"]
transform = Transform3D(0.765068, 0, 0.64395, 0, 1, 0, -0.64395, 0, 0.765068, -1.12404, 0.0466111, 0.8727)
material_override = SubResource("StandardMaterial3D_pkcum")
size = Vector3(0.644043, 0.0644531, 0.101807)

[node name="Propeller2" type="CSGBox3D" parent="droneBody/Propellers/CSGCombiner3D3"]
transform = Transform3D(0.700735, 0, -0.713422, 0, 1, 0, 0.713422, 0, 0.700735, -1.12404, 0.0466111, 0.8727)
material_override = SubResource("StandardMaterial3D_pkcum")
size = Vector3(0.644043, 0.0644531, 0.101807)

[node name="CSGCombiner3D4" type="CSGCombiner3D" parent="droneBody/Propellers"]
transform = Transform3D(1, 0, 0, 0, 1, 0, 0, 0, 1, -0.0573723, 0, -1.79529)

[node name="Propeller" type="CSGBox3D" parent="droneBody/Propellers/CSGCombiner3D4"]
transform = Transform3D(0.765068, 0, 0.64395, 0, 1, 0, -0.64395, 0, 0.765068, -1.12404, 0.0466111, 0.8727)
material_override = SubResource("StandardMaterial3D_pkcum")
size = Vector3(0.644043, 0.0644531, 0.101807)

[node name="Propeller2" type="CSGBox3D" parent="droneBody/Propellers/CSGCombiner3D4"]
transform = Transform3D(0.700735, 0, -0.713422, 0, 1, 0, 0.713422, 0, 0.700735, -1.12404, 0.0466111, 0.8727)
material_override = SubResource("StandardMaterial3D_pkcum")
size = Vector3(0.644043, 0.0644531, 0.101807)
